645
1053
1072
1090
1086
1074
1072
1088
1077
1085
32
1089
1080
32
1089
32
1085
1077
1083
1077
1082
1072
1090
1072
32
1079
1072
1076
1072
1095
1072
32
1076
1072
32
1087
1088
1077
1085
1077
1089
1077
1096
32
1094
1077
1085
1077
1085
32
1090
1086
1074
1072
1088
13
10
1087
1088
1077
1079
32
1074
1086
1076
1080
44
32
1087
1098
1083
1085
1080
32
1089
32
1087
1080
1088
1072
1090
1080
46
32
1053
1077
32
1089
1077
32
1087
1088
1080
1090
1077
1089
1085
1103
1074
1072
1081
44
32
1097
1077
13
10
1087
1086
1079
1085
1072
1077
1096
32
1086
1089
1090
1088
1086
1074
1072
44
32
1076
1086
32
1082
1086
1081
1090
1086
32
1090
1088
1103
1073
1074
1072
32
1076
1072
32
1089
1090
1080
1075
1085
1077
1096
44
32
1082
1072
1090
1086
32
1075
1086
13
10
1074
1080
1076
1080
1096
46
32
13
10
1059
1087
1088
1072
1074
1083
1103
1074
1072
1081
32
1082
1086
1088
1072
1073
1072
32
1089
1098
1089
32
1089
1090
1088
1077
1083
1082
1080
1090
1077
44
32
1089
1087
1080
1088
1072
1081
32
1089
1098
1089
32
83
80
65
67
69
32
1080
32
13
10
1089
1090
1088
1077
1083
1103
1081
32
1089
32
1084
1080
1096
1082
1072
1090
1072
46
32
1040
1082
1086
32
1087
1086
1090
1086
1087
1080
1096
32
1087
1080
1088
1072
1090
44
32
1087
1086
1085
1103
1082
1086
1075
1072
32
1086
1090
32
1085
1077
1075
1086
13
10
1073
1103
1075
1072
1090
32
1084
1072
1081
1089
1090
1086
1088
1080
44
1082
1086
1080
1090
1086
32
1084
1086
1075
1072
1090
32
1076
1072
32
1087
1086
1087
1088
1072
1074
1103
1090
32
1080
32
1090
1074
1086
1103
32
1082
1086
1088
1072
1073
46
13
10
1042
1085
1080
1084
1072
1074
1072
1081
44
32
1089
1083
1077
1076
32
1074
1089
1077
1082
1080
32
1080
1079
1089
1090
1088
1077
1083
32
1085
1072
32
1084
1086
1088
1103
1094
1080
1090
1077
32
1090
1080
32
1080
1084
32
1090
1088
1103
1073
1074
1072
13
10
1074
1088
1077
1084
1077
32
1076
1072
32
1087
1088
1077
1079
1072
1088
1077
1076
1103
1090
46
32
1055
1086
1085
1103
1082
1086
1075
1072
32
1090
1077
32
1089
1090
1088
1077
1083
1103
1090
32
1084
1085
1086
1075
1086
32
1085
1077
1090
1086
1095
1085
1086
46
13
10
1057
32
1085
1103
1082
1086
1083
1082
1086
32
1080
1079
1089
1090
1088
1077
1083
1072
32
1084
1086
1078
1077
1096
32
1076
1072
32
1087
1086
1090
1086
1087
1080
1096
32
1080
32
1086
1089
1090
1088
1086
1074
44
32
1085
1086
32
1089
1080
13
10
1087
1086
1084
1080
1089
1083
1080
32
1076
1072
1083
1080
32
1089
1080
32
1089
1090
1088
1091
1074
1072
32
45
32
1087
1080
1088
1072
1090
1080
1090
1077
32
1089
1098
1097
1086
32
1085
1077
32
1084
1086
1075
1072
1090
32
1076
1072
32
1084
1080
1085
1072
1090
32
13
10
1087
1088
1077
1079
32
1086
1089
1090
1088
1086
1074
1072
46
13
10
1040
1082
1086
32
1085
1077
32
1089
1080
32
32
1085
1072
1084
1077
1088
1080
1083
32
1082
1088
1072
1081
1085
1072
1090
1072
32
1090
1086
1095
1082
1072
44
32
1076
1086
1082
1072
1090
1086
32
1074
1088
1077
1084
1077
1090
1086
32
1080
1079
1090
1077
1095
1077
32
45
13
10
1075
1091
1073
1080
1096
32
1080
1075
1088
1072
1090
1072
46
0
